83.30074649344003	1502.5772497106482	Totaal
83.30074649344	85.0733652046893	1
85.0733652046893	86.6554688208043	0
86.6554688208043	88.6614770201037	1
88.6614770201037	89.5892027007576	0
89.5892027007576	91.9431080303022	1
91.9431080303022	92.8874002409677	0
92.8874002409677	94.9099749702789	1
94.9099749702789	96.2684304312363	0
96.2684304312363	98.6531937550979	1
98.6531937550979	100.003365951049	0
100.003365951049	100.731476273744	2
100.731476273744	101.228472174094	0
101.228472174094	103.257872100524	1
103.257872100524	104.392679406324	0
104.392679406324	105.418987269228	2
105.418987269228	106.785725995191	0
106.785725995191	108.119331661131	2
108.119331661131	109.145639524035	0
109.145639524035	110.388129274911	2
110.388129274911	110.785725995191	0
110.785725995191	113.531219845717	1
113.531219845717	113.953666361014	0
113.953666361014	115.056798674678	1
115.056798674678	115.363279479894	0
115.363279479894	117.487528454981	3
117.487528454981	119.268430431236	1
119.268430431236	120.858000314538	0
120.858000314538	123.334696551283	1
123.334696551283	124.278171764129	0
124.278171764129	125.694610080127	1
125.694610080127	126.514653315705	0
126.514653315705	128.860275380244	1
128.860275380244	129.075640270396	0
129.075640270396	130.20216431119	1
130.20216431119	131.021390548948	0
131.021390548948	132.661477020104	1
132.661477020104	133.26615536553	0
133.26615536553	134.510103184292	1
134.510103184292	134.675768484409	0
134.675768484409	137.895683505974	4
137.895683505974	138.227014106207	5
138.227014106207	139.394137474211	0
139.394137474211	140.33014641987	5
140.33014641987	140.545511310022	0
140.545511310022	141.746584735868	5
141.746584735868	142.79855939161	0
142.79855939161	143.402420739216	5
143.402420739216	143.559802774327	0
143.559802774327	143.791734194491	5
143.791734194491	144.081648469695	0
144.081648469695	144.644910490092	5
144.644910490092	146.674310416522	0
146.674310416522	148.098214999707	5
148.098214999707	148.33014641987	0
148.33014641987	150.135898191143	5
150.135898191143	150.5003618514	0
150.5003618514	152.371562744899	5
152.371562744899	153.498086785693	0
153.498086785693	154.493536654281	5
154.493536654281	155.172764384759	0
155.172764384759	157.508645116406	6
157.508645116406	158.31425	5
158.31425	158.717184809438	0
158.717184809438	159.462678659964	5
159.462678659964	160.655468820804	0
160.655468820804	162.396412539917	5
162.396412539917	162.951391295308	0
162.951391295308	163.970232891026	5
163.970232891026	164.193881046184	6
164.193881046184	164.864008513837	0
164.864008513837	165.2367554391	6
165.2367554391	165.327871354164	0
165.327871354164	166.197614179777	6
166.197614179777	166.437828864946	0
166.437828864946	166.66976028511	5
166.66976028511	167.688601880828	0
167.688601880828	168.800017459497	5
168.800017459497	169.794009260197	0
169.794009260197	170.589202700758	5
170.589202700758	170.779717795892	0
170.779717795892	173.622335760781	5
173.622335760781	174.019932481061	0
174.019932481061	174.806025658796	5
174.806025658796	175.526669714304	0
175.526669714304	175.882850109555	5
175.882850109555	179.525211646417	0
179.525211646417	180.659201954397	3
180.659201954397	182.257872100524	0
182.257872100524	184.719459875145	3
184.719459875145	185.448387195658	7
185.448387195658	186.790276126604	0
186.790276126604	190.053065541084	7
190.053065541084	192.106498264713	3
192.106498264713	193.837700650933	0
193.837700650933	195.934824765296	3
195.934824765296	197.715726741551	7
197.715726741551	197.855725248831	0
197.855725248831	198.700618279427	3
198.700618279427	199.023665614654	0
199.023665614654	201.13134805973	3
201.13134805973	201.197614179777	0
201.197614179777	204.108773330419	7
204.108773330419	204.746584735868	0
204.746584735868	207.705168410839	7
207.705168410839	208.467228791376	1
208.467228791376	208.988257488925	0
208.988257488925	210.810575790209	1
210.810575790209	211.589202700758	0
211.589202700758	214.605769230769	1
214.605769230769	214.921991368878	0
214.921991368878	216.239030504806	2
216.239030504806	228.931365519227	8
228.931365519227	229.544327129659	0
229.544327129659	229.875657729892	9
229.875657729892	230.124155680067	0
230.124155680067	231.53231073106	9
231.53231073106	233.719459875145	10
233.719459875145	234.100490065413	0
234.100490065413	235.228472174094	10
235.228472174094	235.402420739216	9
235.402420739216	236.363279479894	0
236.363279479894	236.694610080127	9
236.694610080127	237.779717795892	10
237.779717795892	238.367829611306	0
238.367829611306	238.566627971446	9
238.566627971446	238.674310416522	0
238.674310416522	240.5014187507	9
240.5014187507	246.200980130826	0
246.200980130826	247.791734194491	11
247.791734194491	248.338429684876	0
248.338429684876	249.556069640734	11
249.556069640734	249.854267180944	0
249.854267180944	250.253321969111	11
250.253321969111	251.123064794724	0
251.123064794724	254.274438630536	11
254.274438630536	255.261605234117	10
255.261605234117	255.543236244316	0
255.543236244316	257.183322715472	10
257.183322715472	257.274438630536	0
257.274438630536	258.053065541084	10
258.053065541084	258.384396141318	0
258.384396141318	258.69834321372	11
258.69834321372	259.153922789041	0
259.153922789041	262.508645116406	11
262.508645116406	262.830875453814	0
262.830875453814	263.717184809438	10
263.717184809438	264.719459875145	0
264.719459875145	265.812850855915	11
265.812850855915	265.920533300991	0
265.920533300991	267.96795782532	11
267.96795782532	268.224739040501	0
268.224739040501	269.40096267133	11
269.40096267133	270.187055849065	0
270.187055849065	271.57036110504	10
271.57036110504	272.547786375728	0
272.547786375728	273.376112876312	11
273.376112876312	273.872291778843	0
273.872291778843	274.501819919287	11
274.501819919287	274.949116229602	0
274.949116229602	276.059073740384	11
276.059073740384	276.315854955565	0
276.315854955565	277.800017459497	11
277.800017459497	278.346712949882	0
278.346712949882	281.46495372567	11
281.46495372567	281.738301470863	0
281.738301470863	284.224739040501	11
284.224739040501	284.415254135635	0
284.415254135635	285.724010006557	11
285.724010006557	285.957399494608	0
285.957399494608	287.746584735868	10
287.746584735868	288.483795321388	0
288.483795321388	289.816583989508	10
289.816583989508	290.164481119754	0
290.164481119754	290.909974970279	11
290.909974970279	291.108773330419	0
291.108773330419	291.56435290574	11
291.56435290574	292.220462796612	0
292.220462796612	297.107589150056	11
297.107589150056	298.184413600815	10
298.184413600815	298.33351237092	11
298.33351237092	300.967590642776	10
300.967590642776	301.493536654281	0
301.493536654281	301.808300724502	11
301.808300724502	302.446112129952	0
302.446112129952	303.995082686044	11
303.995082686044	304.210447576195	0
304.210447576195	305.951391295308	10
305.951391295308	306.224739040501	0
306.224739040501	307.102765131119	10
307.102765131119	307.59976103147	0
307.59976103147	307.971690958913	11
307.971690958913	309.545511310022	0
309.545511310022	310.796284325904	11
310.796284325904	311.243580636219	0
311.243580636219	314.46495372567	10
314.46495372567	315.003365951049	11
315.003365951049	315.176497518353	10
315.176497518353	318.466081929021	11
318.466081929021	319.509773319757	0
319.509773319757	320.2367554391	10
320.2367554391	321.147914589742	0
321.147914589742	322.332421485577	10
322.332421485577	323.748859801575	0
323.748859801575	324.849717049532	10
324.849717049532	325.462678659964	0
325.462678659964	327.003365951049	10
327.003365951049	327.63435215938	0
327.63435215938	327.907699904572	11
327.907699904572	328.239030504806	0
328.239030504806	328.777442730185	11
328.777442730185	329.415254135635	10
329.415254135635	330.26014716623	0
330.26014716623	330.648643623685	12
330.648643623685	330.789459128784	0
330.789459128784	331.83315051952	12
331.83315051952	332.073365204689	0
332.073365204689	333.684051749415	12
333.684051749415	333.775167664479	0
333.775167664479	335.175039450466	12
335.175039450466	338.191605980477	5
338.191605980477	338.291005160547	0
338.291005160547	339.907699904573	12
339.907699904573	340.098214999707	0
340.098214999707	341.66375208581	12
341.66375208581	341.986799421038	0
341.986799421038	344.092206800407	12
344.092206800407	344.357271280594	0
344.357271280594	346.015382349648	12
346.015382349648	346.081648469695	0
346.081648469695	347.754868000874	5
347.754868000874	348.664700363051	0
348.664700363051	349.699875	5
349.699875	352.233022305507	0
352.233022305507	353.583194501458	5
353.583194501458	354.50675951087	0
354.50675951087	355.48074048913	5
355.48074048913	358.135563858696	0
358.135563858696	360.156080163043	5
360.156080163043	361.146569293478	0
361.146569293478	363.579789402174	5
363.579789402174	365.752887228261	0
365.752887228261	367.60730298913	5
367.60730298913	367.700849184783	0
367.700849184783	368.718851902174	5
368.718851902174	369.868919836957	0
369.868919836957	373.043512228261	5
373.043512228261	374.864436141304	0
374.864436141304	376.361175271739	5
376.361175271739	377.709341032609	0
377.709341032609	377.83542798913	5
377.83542798913	378.033525815217	0
378.033525815217	379.876936141304	5
379.876936141304	379.909952445652	0
379.909952445652	381.307642663044	5
381.307642663044	382.198607336957	0
382.198607336957	384.223607336957	5
384.223607336957	385.593783967391	0
385.593783967391	387.717357336957	5
387.717357336957	388.971976902174	0
388.971976902174	390.673335597826	5
390.673335597826	391.350169836957	0
391.350169836957	392.175577445652	5
392.175577445652	392.593783967391	0
392.593783967391	393.479245923913	5
393.479245923913	393.67734375	0
393.67734375	397.274232336957	5
397.274232336957	397.497642663044	0
397.497642663044	399.292629076087	5
399.292629076087	399.585373641304	0
399.585373641304	401.937466032609	5
401.937466032609	402.053023097826	0
402.053023097826	405.15207201087	13
405.15207201087	405.157574728261	0
405.157574728261	405.993987771739	12
405.993987771739	409.753362771739	13
409.753362771739	410.853430706522	12
410.853430706522	412.157574728261	13
412.157574728261	412.471229619565	12
412.471229619565	412.520754076087	0
412.520754076087	412.916949728261	12
412.916949728261	412.982982336957	0
412.982982336957	413.494735054348	12
413.494735054348	414.924966032609	0
414.924966032609	419.776671195652	13
419.776671195652	423.258118206522	10
423.258118206522	423.802887228261	0
423.802887228261	424.660835597826	10
424.660835597826	424.754381793478	0
424.754381793478	424.97449048913	10
424.97449048913	425.112058423913	0
425.112058423913	426.179585597826	10
426.179585597826	426.823403532609	0
426.823403532609	430.412194293478	10
430.412194293478	430.58828125	0
430.58828125	433.262126358696	11
433.262126358696	433.966474184783	0
433.966474184783	435.656827445652	10
435.656827445652	437.890930706522	11
437.890930706522	438.138077445652	0
438.138077445652	441.104042119565	10
441.104042119565	441.71484375	0
441.71484375	443.541270380435	10
443.541270380435	443.761379076087	0
443.761379076087	445.153566576087	10
445.153566576087	445.456216032609	0
445.456216032609	446.110563858696	10
446.110563858696	446.429721467391	0
446.429721467391	449.626800271739	11
449.626800271739	450.033525815217	0
450.033525815217	451.766881793478	11
451.766881793478	452.614300271739	0
452.614300271739	452.812398097826	11
452.812398097826	453.087533967391	0
453.087533967391	453.747860054348	11
453.747860054348	454.413213315217	0
454.413213315217	457.720346467391	11
457.720346467391	459.711854619565	0
459.711854619565	460.872927989131	10
460.872927989131	462.381691576087	0
462.381691576087	462.937466032609	10
462.937466032609	463.201596467391	0
463.201596467391	468.514544836957	10
468.514544836957	469.666338315217	0
469.666338315217	470.469735054348	10
470.469735054348	471.471229619565	0
471.471229619565	472.274626358696	10
472.274626358696	472.29113451087	0
472.29113451087	473.781895380435	0
473.781895380435	475.168580163043	10
475.168580163043	475.949966032609	0
475.949966032609	479.170074728261	11
479.170074728261	481.106555706522	0
481.106555706522	482.627105034722	11
482.627105034722	483.488274016204	0
483.488274016204	484.499211516204	11
484.499211516204	486.511725983796	0
486.511725983796	487.054636863426	11
487.054636863426	488.692730034722	0
488.692730034722	490.795594618056	11
490.795594618056	493.472706886574	0
493.472706886574	494.380678530093	11
494.380678530093	494.811263020833	0
494.811263020833	495.466500289352	10
495.466500289352	496.308948206019	0
496.308948206019	497.694307002315	10
497.694307002315	498.580302372685	0
498.580302372685	499.497634548611	10
499.497634548611	499.731647858796	0
499.731647858796	499.965661168981	11
499.965661168981	500.733224826389	0
500.733224826389	501.276135706019	11
501.276135706019	502.127944155093	0
502.127944155093	504.496158854167	11
504.496158854167	506.63646556713	0
506.63646556713	507.291702835648	11
507.291702835648	507.684845196759	0
507.684845196759	511.176323784722	11
511.176323784722	511.494581886574	0
511.494581886574	512.889301215278	11
512.889301215278	513.269827835648	0
513.269827835648	516.6208984375	11
516.6208984375	517.781604456019	0
517.781604456019	519.176323784722	10
519.176323784722	519.429058159722	11
519.429058159722	519.812839988426	0
519.812839988426	521.20755931713	10
521.20755931713	522.252683738426	0
522.252683738426	524.443048321759	11
524.443048321759	524.65834056713	10
524.65834056713	531.06705005787	0
531.06705005787	542.867426215278	14
542.867426215278	544.823777488426	12
544.823777488426	547.497634548611	0
547.497634548611	548.845551215278	12
548.845551215278	549.734801793982	0
549.734801793982	551.035915798611	12
551.035915798611	552.889301215278	0
552.889301215278	555.563158275463	5
555.563158275463	556.826830150463	0
556.826830150463	558.764460358796	5
558.764460358796	560.839243344907	0
560.839243344907	562.0935546875	5
562.0935546875	563.198097511574	0
563.198097511574	564.068627025463	12
564.068627025463	565.585033275463	0
565.585033275463	567.709874131945	5
567.709874131945	569.095232928241	0
569.095232928241	571.085771122685	5
571.085771122685	571.450831886574	0
571.450831886574	573.566312210648	5
573.566312210648	578.402452256944	0
578.402452256944	578.720710358796	5
578.720710358796	580.461769386574	0
580.461769386574	580.976598668982	12
580.976598668982	582.670855034722	0
582.670855034722	583.120160590278	12
583.120160590278	584.290227141204	0
584.290227141204	586.936002604167	12
586.936002604167	587.993742766204	0
587.993742766204	589.453985821759	12
589.453985821759	590.277712673611	0
590.277712673611	590.633412905093	12
590.633412905093	590.829984085648	0
590.829984085648	591.138881655093	5
591.138881655093	592.12173755787	0
592.12173755787	592.748893229167	5
592.748893229167	595.469552951389	0
595.469552951389	595.965661168981	5
595.965661168981	598.923589409722	0
598.923589409722	599.494581886574	5
599.494581886574	599.719234664352	0
599.719234664352	601.282443576389	5
601.282443576389	602.542860243056	0
602.542860243056	605.547591145833	5
605.547591145833	607.223126446759	0
607.223126446759	608.982906539352	5
608.982906539352	610.037391493056	0
610.037391493056	611.123213252315	5
611.123213252315	613.16380931713	0
613.16380931713	613.556951678241	5
613.556951678241	615.588187210648	0
615.588187210648	616.346390335648	12
616.346390335648	618.552220775463	0
618.552220775463	619.478913483796	5
619.478913483796	621.248054108796	0
621.248054108796	623.120160590278	5
623.120160590278	623.831561053241	12
623.831561053241	624.730172164352	15
624.730172164352	625.600701678241	12
625.600701678241	627.301063368056	15
627.301063368056	628.845551215278	12
628.845551215278	629.875209780093	0
629.875209780093	633.953146701389	15
633.953146701389	634.917281539352	0
634.917281539352	635.488274016204	5
635.488274016204	636.527293113426	0
636.527293113426	636.864272280093	5
636.864272280093	637.92201244213	15
637.92201244213	638.35259693287	16
638.35259693287	639.822200520833	15
639.822200520833	640.37447193287	16
640.37447193287	641.010988136574	0
641.010988136574	642.786234085648	16
642.786234085648	644.499211516204	0
644.499211516204	645.248054108796	9
645.248054108796	646.530447048611	0
646.530447048611	647.934526909722	16
647.934526909722	648.674008969907	0
648.674008969907	649.563259548611	16
649.563259548611	649.784657118056	0
649.784657118056	651.872055844907	16
651.872055844907	652.667701099537	0
652.667701099537	653.744162326389	17
653.744162326389	654.886147280093	0
654.886147280093	655.859642650463	17
655.859642650463	656.19662181713	0
656.19662181713	656.692730034722	9
656.692730034722	657.1701171875	0
657.1701171875	658.168438946759	9
658.168438946759	659.301063368056	0
659.301063368056	662.586610243056	9
662.586610243056	663.550745081019	17
663.550745081019	664.589764178241	0
664.589764178241	668.705143229167	16
668.705143229167	671.709874131945	0
671.709874131945	674.121636284722	9
674.121636284722	674.421173321759	0
674.421173321759	675.843974247685	9
675.843974247685	676.124790219907	17
676.124790219907	676.489850983796	0
676.489850983796	677.491427951389	17
677.491427951389	679.382255497685	0
679.382255497685	680.945464409722	16
680.945464409722	681.578725405093	0
681.578725405093	683.731647858796	16
683.731647858796	684.808109085648	0
684.808109085648	686.296433738426	16
686.296433738426	686.68021556713	0
686.68021556713	686.923589409722	16
686.923589409722	700.293279803241	0
700.293279803241	701.266775173611	6
701.266775173611	701.463346354167	0
701.463346354167	702.343236400463	7
702.343236400463	704.131098090278	0
704.131098090278	705.497735821759	7
705.497735821759	706.159078414352	0
706.159078414352	707.170015914352	7
707.170015914352	707.366587094907	0
707.366587094907	708.031184895833	7
708.031184895833	709.828407118056	0
709.828407118056	710.93294994213	6
710.93294994213	711.1482421875	0
711.1482421875	711.382255497685	7
711.382255497685	712.748893229167	0
712.748893229167	717.079564525463	7
717.079564525463	717.266775173611	0
717.266775173611	717.678638599537	6
717.678638599537	719.110800057871	0
719.110800057871	720.982906539352	6
720.982906539352	721.787912326389	0
721.787912326389	723.179376446759	6
723.179376446759	724.901714409722	0
724.901714409722	725.266775173611	7
725.266775173611	726.146665219908	0
726.146665219908	727.391616030093	7
727.391616030093	727.6537109375	0
727.6537109375	728.776974826389	7
728.776974826389	729.756575520833	0
729.756575520833	730.505418113426	7
730.505418113426	732.648980034722	0
732.648980034722	734.801902488426	6
734.801902488426	736.187261284722	0
736.187261284722	739.90013744213	7
739.90013744213	740.386885127315	0
740.386885127315	741.762883391204	6
741.762883391204	742.586610243056	0
742.586610243056	743.045276331019	6
743.045276331019	743.9064453125	0
743.9064453125	746.673907696759	6
746.673907696759	748.293279803241	0
748.293279803241	750.801902488426	6
750.801902488426	751.429058159722	0
751.429058159722	752.86732494213	6
752.86732494213	753.466399016204	0
753.466399016204	755.413389756945	7
755.413389756945	756.770666956019	6
756.770666956019	756.939156539352	0
756.939156539352	759.419697627315	6
759.419697627315	761.273083043982	7
761.273083043982	761.606807002315	0
761.606807002315	763.450831886574	6
763.450831886574	763.797171585648	0
763.797171585648	764.564735243056	7
764.564735243056	764.882993344907	0
764.882993344907	766.090502025463	7
766.090502025463	766.670855034722	0
766.670855034722	768.383832465278	7
768.383832465278	768.464822048611	0
768.464822048611	771.656763599537	6
771.656763599537	772.639619502315	0
772.639619502315	773.519509548611	7
773.519509548611	774.249631076389	0
774.249631076389	776.1591796875	6
776.1591796875	778.795594618056	0
778.795594618056	779.188736979167	18
779.188736979167	779.591239872685	0
779.591239872685	782.493004918982	18
782.493004918982	783.269929108796	0
783.269929108796	787.375947627315	19
787.375947627315	788.452408854167	0
788.452408854167	788.789388020833	18
788.789388020833	789.538230613426	0
789.538230613426	792.337029803241	18
792.337029803241	793.101338252315	0
793.101338252315	793.681691261574	18
793.681691261574	794.290125868055	0
794.290125868055	797.051482928241	18
797.051482928241	797.500788483796	0
797.500788483796	799.326092303241	18
799.326092303241	801.319885706018	19
801.319885706018	801.600701678241	0
801.600701678241	803.422750289352	18
803.422750289352	803.946940104167	0
803.946940104167	806.614691840278	18
806.614691840278	806.755099826389	0
806.755099826389	807.681792534722	18
807.681792534722	808.243424479167	0
808.243424479167	810.065473090278	19
810.065473090278	810.393091724537	0
810.393091724537	811.928219039352	19
811.928219039352	812.751945891204	0
812.751945891204	815.073357928241	18
815.073357928241	815.43841869213	0
815.43841869213	817.057790798611	18
817.057790798611	817.578725405093	0
817.578725405093	817.887622974537	18
817.887622974537	818.187160011574	0
818.187160011574	820.517932581018	18
820.517932581018	821.238693576389	0
821.238693576389	823.354173900463	19
823.354173900463	824.252785011574	0
824.252785011574	824.571043113426	18
824.571043113426	824.982906539352	0
824.982906539352	826.758152488426	19
826.758152488426	827.385308159722	0
827.385308159722	830.652133969907	18
830.652133969907	831.709874131945	0
831.709874131945	834.477336516204	19
834.477336516204	835.703566261574	0
835.703566261574	842.318207465278	19
842.318207465278	842.664547164352	0
842.664547164352	843.956300636574	18
843.956300636574	847.382255497685	0
847.382255497685	848.018771701389	20
848.018771701389	848.4119140625	0
848.4119140625	849.310525173611	20
849.310525173611	849.606807002315	0
849.606807002315	849.962507233796	21
849.962507233796	851.422750289352	0
851.422750289352	851.881416377315	20
851.881416377315	853.004680266204	0
853.004680266204	854.081141493055	22
854.081141493055	854.502365451389	0
854.502365451389	855.457139756944	22
855.457139756944	855.775397858796	0
855.775397858796	857.441572627315	22
857.441572627315	857.71302806713	0
857.71302806713	858.112275752315	20
858.112275752315	858.655186631945	0
858.655186631945	859.076410590278	20
859.076410590278	859.226179108796	0
859.226179108796	861.098285590278	20
861.098285590278	867.020247395833	0
867.020247395833	867.404029224537	23
867.404029224537	868.536653645833	0
868.536653645833	870.109223090278	23
870.109223090278	870.343236400463	0
870.343236400463	870.6427734375	23
870.6427734375	871.054636863426	0
871.054636863426	871.195044849537	22
871.195044849537	871.494581886574	0
871.494581886574	873.301164641204	22
873.301164641204	875.6099609375	0
875.6099609375	877.1263671875	23
877.1263671875	877.407183159722	0
877.407183159722	878.848705150463	23
878.848705150463	879.775397858796	0
879.775397858796	880.945464409722	23
880.945464409722	881.794017650463	0
881.794017650463	882.355649594908	22
882.355649594908	883.338505497685	0
883.338505497685	884.433687789352	22
884.433687789352	885.603754340278	0
885.603754340278	888.655287905093	20
888.655287905093	889.469654224537	0
889.469654224537	891.263621238426	20
891.263621238426	891.750368923611	0
891.750368923611	895.1482421875	21
895.1482421875	895.269929108796	0
895.269929108796	896.698835358796	21
896.698835358796	899.076410590278	20
899.076410590278	899.301063368056	0
899.301063368056	899.965661168982	21
899.965661168982	903.18568431713	0
903.18568431713	905.494480613426	20
905.494480613426	907.06705005787	0
907.06705005787	909.585033275463	20
909.585033275463	910.024978298611	0
910.024978298611	912.215342881944	20
912.215342881944	915.029607928241	0
915.029607928241	922.917281539352	24
922.917281539352	925.023401331019	19
925.023401331019	925.472706886574	0
925.472706886574	927.859642650463	19
927.859642650463	928.393192997685	0
928.393192997685	929.971867766204	18
929.971867766204	930.56158130787	19
930.56158130787	930.673907696759	0
930.673907696759	932.07798755787	18
932.07798755787	933.285496238426	0
933.285496238426	934.464923321759	19
934.464923321759	935.569466145833	0
935.569466145833	936.093655960648	19
936.093655960648	936.70209056713	0
936.70209056713	937.741109664352	19
937.741109664352	938.168438946759	0
938.168438946759	940.237116608796	19
940.237116608796	942.93294994213	0
942.93294994213	947.057689525463	18
947.057689525463	947.666124131945	0
947.666124131945	947.928219039352	19
947.928219039352	948.948517071759	0
948.948517071759	949.435264756945	19
949.435264756945	949.706720196759	0
949.706720196759	951.934526909722	19
951.934526909722	953.450933159722	0
953.450933159722	959.419697627315	18
959.419697627315	960.542961516204	0
960.542961516204	961.357327835648	19
961.357327835648	962.318207465278	0
962.318207465278	963.06705005787	19
963.06705005787	964.630258969907	0
964.630258969907	965.528870081019	19
965.528870081019	966.652133969907	0
966.652133969907	967.550745081019	19
967.550745081019	967.812839988426	0
967.812839988426	968.95482494213	19
968.95482494213	970.243323206019	0
970.243323206019	972.274558738426	19
972.274558738426	973.266775173611	0
973.266775173611	974.577249710648	18
974.577249710648	975.213765914352	0
975.213765914352	978.084194155093	18
978.084194155093	978.56158130787	0
978.56158130787	978.786234085648	19
978.786234085648	980.049905960648	0
980.049905960648	980.508572048611	19
980.508572048611	981.191890914352	0
981.191890914352	982.221549479167	19
982.221549479167	983.082718460648	0
983.082718460648	984.533600983796	19
984.533600983796	985.563259548611	0
985.563259548611	986.299486400463	18
986.299486400463	986.496057581019	0
986.496057581019	988.564735243056	18
988.564735243056	988.65834056713	0
988.65834056713	990.801902488426	19
990.801902488426	992.065574363426	0
992.065574363426	993.750470196759	19
993.750470196759	994.0935546875	0
994.0935546875	996.695782696759	19
996.695782696759	997.92201244213	0
997.92201244213	998.979752604167	19
998.979752604167	1002.70198929398	0
1002.70198929398	1003.12321325231	20
1003.12321325231	1003.97502170139	0
1003.97502170139	1006.83934461806	20
1006.83934461806	1007.12952112269	0
1007.12952112269	1009.52581741898	20
1009.52581741898	1009.94378616898	0
1009.94378616898	1011.02024739583	20
1011.02024739583	1011.42275028935	0
1011.42275028935	1012.73322482639	20
1012.73322482639	1014.11858362269	21
1014.11858362269	1015.72859519676	0
1015.72859519676	1016.95482494213	21
1016.95482494213	1017.20755931713	0
1017.20755931713	1019.36658709491	21
1019.36658709491	1020.86427228009	0
1020.86427228009	1021.22933304398	21
1021.22933304398	1021.67863859954	0
1021.67863859954	1022.81126302083	21
1022.81126302083	1024.23406394676	0
1024.23406394676	1027.12321325232	20
1027.12321325232	1028.1154296875	0
1028.1154296875	1029.2574146412	21
1029.2574146412	1030.84870515046	0
1030.84870515046	1033.43221209491	20
1033.43221209491	1034.17779947917	0
1034.17779947917	1035.70356626157	20
1035.70356626157	1036.8736328125	0
1036.8736328125	1037.04212239583	21
1037.04212239583	1038.11858362269	0
1038.11858362269	1039.83156105324	21
1039.83156105324	1040.75499855324	0
1040.75499855324	1043.77845052083	21
1043.77845052083	1047.7847583912	0
1047.7847583912	1048.16854021991	21
1048.16854021991	1049.33860677083	0
1049.33860677083	1051.93757957176	21
1051.93757957176	1052.35880353009	0
1052.35880353009	1052.54601417824	21
1052.54601417824	1053.16380931713	0
1053.16380931713	1055.79411892361	21
1055.79411892361	1057.06715133102	0
1057.06715133102	1059.25426070602	21
1059.25426070602	1060.2371166088	0
1060.2371166088	1061.94073350694	21
1061.94073350694	1062.16538628472	0
1062.16538628472	1062.53980758102	21
1062.53980758102	1063.97196903935	0
1063.97196903935	1066.29948640046	20
1066.29948640046	1067.15129484954	0
1067.15129484954	1070.09986255787	20
1070.09986255787	1070.33387586806	0
1070.33387586806	1072.18726128472	20
1072.18726128472	1072.5429615162	0
1072.5429615162	1072.89866174769	21
1072.89866174769	1074.64582609954	0
1074.64582609954	1076.01246383102	21
1076.01246383102	1077.34165943287	0
1077.34165943287	1077.93137297454	21
1077.93137297454	1078.78318142361	0
1078.78318142361	1079.89708478009	21
1079.89708478009	1086.02497829861	0
1086.02497829861	1086.68021556713	7
1086.68021556713	1087.05463686343	0
1087.05463686343	1088.67400896991	7
1088.67400896991	1093.15444878472	0
1093.15444878472	1093.54759114583	5
1093.54759114583	1094.88614728009	0
1094.88614728009	1096.2902271412	5
1096.2902271412	1098.80495515046	0
1098.80495515046	1099.9843822338	7
1099.9843822338	1101.8845703125	0
1101.8845703125	1103.44777922454	7
1103.44777922454	1103.64435040509	0
1103.64435040509	1104.24342447917	5
1104.24342447917	1105.26372251157	0
1105.26372251157	1107.76908998843	5
1107.76908998843	1109.39782262731	0
1109.39782262731	1110.18410734954	7
1110.18410734954	1110.91422887731	0
1110.91422887731	1112.93610387731	5
1112.93610387731	1114.26204427083	0
1114.26204427083	1115.4882740162	5
1115.4882740162	1116.09670862269	0
1116.09670862269	1116.88299334491	7
1116.88299334491	1117.64119646991	5
1117.64119646991	1118.16538628472	0
1118.16538628472	1120.16854021991	5
1120.16854021991	1122.01867042824	0
1122.01867042824	1124.07798755787	5
1124.07798755787	1124.27455873843	0
1124.27455873843	1125.47270688657	5
1125.47270688657	1126.12794415509	0
1126.12794415509	1126.72701822917	5
1126.72701822917	1126.85806568287	0
1126.85806568287	1127.97196903935	5
1127.97196903935	1128.14981915509	0
1128.14981915509	1128.89866174769	5
1128.89866174769	1130.41181278935	0
1130.41181278935	1131.00152633102	5
1131.00152633102	1131.69420572917	0
1131.69420572917	1133.97817563657	25
1133.97817563657	1135.93452690972	5
1135.93452690972	1144.17790075231	27
1144.17790075231	1146.67390769676	26
1146.67390769676	1147.07641059028	0
1147.07641059028	1148.47112991898	26
1148.47112991898	1149.86584924769	0
1149.86584924769	1150.63341290509	26
1150.63341290509	1151.07335792824	0
1151.07335792824	1152.58040364583	26
1152.58040364583	1153.67233072917	0
1153.67233072917	1154.23396267361	26
1154.23396267361	1155.61932146991	0
1155.61932146991	1157.48206741898	26
1157.48206741898	1157.80032552083	0
1157.80032552083	1158.04369936343	26
1158.04369936343	1158.36195746528	0
1158.36195746528	1159.36353443287	26
1159.36353443287	1160.97354600694	0
1160.97354600694	1162.58030237269	26
1162.58030237269	1164.20903501157	0
1164.20903501157	1165.70672019676	26
1165.70672019676	1166.23091001157	0
1166.23091001157	1168.94220920139	26
1168.94220920139	1169.48512008102	0
1169.48512008102	1170.7207103588	26
1170.7207103588	1171.20745804398	0
1171.20745804398	1172.79874855324	26
1172.79874855324	1173.03276186343	0
1173.03276186343	1173.49142795139	26
1173.49142795139	1173.89393084491	0
1173.89393084491	1175.39161603009	26
1175.39161603009	1176.04685329861	9
1176.04685329861	1176.46807725694	0
1176.46807725694	1177.37604890046	9
1177.37604890046	1178.49605758102	0
1178.49605758102	1179.82525318287	9
1179.82525318287	1180.7519458912	0
1180.7519458912	1181.09828559028	26
1181.09828559028	1182.93294994213	0
1182.93294994213	1183.59754774306	26
1183.59754774306	1185.75657552083	0
1185.75657552083	1186.86111834491	26
1186.86111834491	1188.60217737269	0
1188.60217737269	1188.78938802083	9
1188.78938802083	1189.89393084491	0
1189.89393084491	1190.87678674769	9
1190.87678674769	1191.81283998843	0
1191.81283998843	1194.11227575231	9
1194.11227575231	1195.60060040509	0
1195.60060040509	1195.97502170139	26
1195.97502170139	1200.08429542824	0
1200.08429542824	1201.39151475694	9
1201.39151475694	1209.69430700231	0
1209.69430700231	1210.37437065972	26
1210.37437065972	1212.70514322917	0
1212.70514322917	1214.42748119213	9
1214.42748119213	1214.60533130787	0
1214.60533130787	1215.75667679398	9
1215.75667679398	1219.26362123843	0
1219.26362123843	1219.50699508102	26
1219.50699508102	1224.20598234954	0
1224.20598234954	1225.81273871528	26
1225.81273871528	1226.4773365162	0
1226.4773365162	1228.77066695602	26
1228.77066695602	1229.3791015625	0
1229.3791015625	1232.04685329861	26
1232.04685329861	1233.01098813657	0
1233.01098813657	1242.32756799769	27
1242.32756799769	1243.91885850694	7
1243.91885850694	1245.81904658565	0
1245.81904658565	1247.64435040509	7
1247.64435040509	1249.27308304398	0
1249.27308304398	1251.08577112269	7
1251.08577112269	1253.29485677083	0
1253.29485677083	1255.11080005787	7
1255.11080005787	1256.56168258102	0
1256.56168258102	1258.38373119213	7
1258.38373119213	1260.8736328125	0
1260.8736328125	1261.81904658565	5
1261.81904658565	1264.35575086806	0
1264.35575086806	1264.6646484375	7
1264.6646484375	1264.81116174769	0
1264.81116174769	1265.24174623843	7
1265.24174623843	1265.4570384838	0
1265.4570384838	1267.01088686343	7
1267.01088686343	1267.30106336806	0
1267.30106336806	1268.03118489583	5
1268.03118489583	1268.92979600694	0
1268.92979600694	1269.65991753472	5
1269.65991753472	1270.68957609954	0
1270.68957609954	1271.36353443287	7
1271.36353443287	1273.7191333912	0
1273.7191333912	1274.42117332176	7
1274.42117332176	1275.54443721065	0
1275.54443721065	1277.0046802662	7
1277.0046802662	1281.02970920139	0
1281.02970920139	1281.52581741898	5
1281.52581741898	1283.54443721065	0
1283.54443721065	1284.31200086806	7
1284.31200086806	1285.43526475694	0
1285.43526475694	1286.53980758102	7
1286.53980758102	1287.69115306713	0
1287.69115306713	1290.12163628472	7
1290.12163628472	1291.07641059028	0
1291.07641059028	1293.21997251157	7
1293.21997251157	1294.62405237269	0
1294.62405237269	1296.89866174769	7
1296.89866174769	1297.41959635417	0
1297.41959635417	1298.81431568287	7
1298.81431568287	1299.15129484954	0
1299.15129484954	1301.13572771991	7
1301.13572771991	1301.41654369213	0
1301.41654369213	1302.35259693287	7
1302.35259693287	1302.48364438657	0
1302.48364438657	1303.58818721065	5
1303.58818721065	1308.63025896991	0
1308.63025896991	1309.77224392361	7
1309.77224392361	1310.85806568287	0
1310.85806568287	1311.45713975694	7
1311.45713975694	1313.10459346065	0
1313.10459346065	1314.29012586806	7
1314.29012586806	1315.52571614583	0
1315.52571614583	1316.82683015046	7
1316.82683015046	1322.69262876157	0
1322.69262876157	1323.25426070602	5
1323.25426070602	1326.99847366898	0
1326.99847366898	1331.4789134838	28
1331.4789134838	1335.99069010417	29
1335.99069010417	1336.16854021991	0
1336.16854021991	1337.09523292824	29
1337.09523292824	1338.08419415509	0
1338.08419415509	1338.52413917824	29
1338.52413917824	1338.9734447338	0
1338.9734447338	1340.88299334491	29
1340.88299334491	1341.14508825231	0
1341.14508825231	1341.95009403935	29
1341.95009403935	1343.30737123843	0
1343.30737123843	1347.49763454861	29
1347.49763454861	1347.97502170139	0
1347.97502170139	1350.0062572338	29
1350.0062572338	1350.11858362269	0
1350.11858362269	1350.8955078125	29
1350.8955078125	1351.56010561343	0
1351.56010561343	1352.07493489583	18
1352.07493489583	1352.64592737269	0
1352.64592737269	1354.11227575231	18
1354.11227575231	1355.12321325231	0
1355.12321325231	1355.67548466435	29
1355.67548466435	1356.05926649306	0
1356.05926649306	1356.40560619213	29
1356.40560619213	1357.53823061343	0
1357.53823061343	1358.27771267361	18
1358.27771267361	1358.71765769676	0
1358.71765769676	1360.92674334491	18
1360.92674334491	1361.00162760417	0
1361.00162760417	1362.14035734954	18
1362.14035734954	1362.43989438657	0
1362.43989438657	1363.43211082176	29
1363.43211082176	1363.72228732639	0
1363.72228732639	1364.79874855324	29
1364.79874855324	1365.40718315972	0
1365.40718315972	1366.94231047454	29
1366.94231047454	1367.49458188657	0
1367.49458188657	1368.26214554398	29
1368.26214554398	1370.44925491898	0
1370.44925491898	1370.87047887732	29
1370.87047887732	1372.4992115162	0
1372.4992115162	1373.59439380787	29
1373.59439380787	1374.37131799769	0
1374.37131799769	1376.99226707176	29
1376.99226707176	1377.48512008102	0
1377.48512008102	1378.0935546875	30
1378.0935546875	1379.28234230324	29
1379.28234230324	1379.43211082176	0
1379.43211082176	1380.71450376157	29
1380.71450376157	1382.95167100694	0
1382.95167100694	1383.1482421875	29
1383.1482421875	1385.34796730324	0
1385.34796730324	1386.89856047454	29
1386.89856047454	1387.02024739583	18
1387.02024739583	1387.45083188657	0
1387.45083188657	1387.80653211806	29
1387.80653211806	1388.04054542824	0
1388.04054542824	1389.44462528935	29
1389.44462528935	1389.6318359375	0
1389.6318359375	1390.29643373843	29
1390.29643373843	1390.79254195602	18
1390.79254195602	1391.0171947338	0
1391.0171947338	1391.42905815972	29
1391.42905815972	1395.24490017361	0
1395.24490017361	1396.44304832176	31
1396.44304832176	1397.22933304398	0
1397.22933304398	1397.54759114583	31
1397.54759114583	1401.91570457176	0
1401.91570457176	1402.70198929398	5
1402.70198929398	1403.8626953125	0
1403.8626953125	1404.40560619213	12
1404.40560619213	1407.20440538194	0
1407.20440538194	1408.62720630787	5
1408.62720630787	1408.7863353588	0
1408.7863353588	1409.34796730324	12
1409.34796730324	1415.7753978588	0
1415.7753978588	1416.96418547454	5
1416.96418547454	1417.2918041088	0
1417.2918041088	1417.81273871528	5
1417.81273871528	1418.24332320602	0
1418.24332320602	1420.09670862269	5
1420.09670862269	1421.6318359375	0
1421.6318359375	1422.45556278935	5
1422.45556278935	1425.2918041088	0
1425.2918041088	1427.7410083912	12
1427.7410083912	1428.47112991898	0
1428.47112991898	1429.43526475694	12
1429.43526475694	1432.14981915509	0
1432.14981915509	1432.82377748843	5
1432.82377748843	1435.17937644676	0
1435.17937644676	1437.29485677083	5
1437.29485677083	1439.35417390046	0
1439.35417390046	1439.66307146991	5
1439.66307146991	1440.63656684028	0
1440.63656684028	1441.61942274306	5
1441.61942274306	1441.91570457176	0
1441.91570457176	1442.60838396991	5
1442.60838396991	1443.72228732639	0
1443.72228732639	1444.84555121528	5
1444.84555121528	1445.07956452546	0
1445.07956452546	1448.21534288194	32
1448.21534288194	1448.32766927083	5
1448.32766927083	1449.7972728588	0
1449.7972728588	1450.07483362269	5
1450.07483362269	1450.57094184028	0
1450.57094184028	1450.76751302083	5
1450.76751302083	1459.90013744213	0
1459.90013744213	1462.3900390625	32
1462.3900390625	1462.97039207176	5
1462.97039207176	1468.92979600694	0
1468.92979600694	1470.85806568287	30
1470.85806568287	1471.5226634838	0
1471.5226634838	1473.3011646412	18
1473.3011646412	1473.49448061343	0
1473.49448061343	1474.86111834491	18
1474.86111834491	1475.18873697917	0
1475.18873697917	1476.72386429398	33
1476.72386429398	1476.9953197338	18
1476.9953197338	1477.83776765046	0
1477.83776765046	1478.69893663194	33
1478.69893663194	1479.95324797454	0
1479.95324797454	1481.77529658565	30
1481.77529658565	1482.67390769676	0
1482.67390769676	1483.11385271991	18
1483.11385271991	1486.08114149306	0
1486.08114149306	1487.10143952546	33
1487.10143952546	1487.83156105324	0
1487.83156105324	1488.92674334491	30
1488.92674334491	1489.28244357639	0
1489.28244357639	1490.40245225694	18
1490.40245225694	1492.45240885417	0
1492.45240885417	1492.91107494213	18
1492.91107494213	1493.45398582176	0
1493.45398582176	1494.85806568287	18
1494.85806568287	1495.15760271991	0
1495.15760271991	1495.58818721065	30
1495.58818721065	1496.04685329861	0
1496.04685329861	1497.82535445602	18
1497.82535445602	1498.48669704861	0
1498.48669704861	1501.13572771991	18
1501.13572771991	1502.08114149306	0
1502.08114149306	1502.57724971065	31
